2.563198
2.695472
2.777515
2.865135
2.926068
3.001300
3.014057
3.007745
3.073177
3.050669
3.048984
3.092079
3.052790
3.060852
3.087215
3.052474
3.044155
3.064630
3.033252
3.021161
3.054694
3.018494
3.009020
3.014819
2.989364
2.963622
2.980361
3.016546
3.017311
3.056600
3.078861
3.068162
3.064196
3.095447
3.080391
3.082414
3.079077
3.064502
3.036365
3.036299
3.046466
3.017781
3.021738
3.009323
3.014450
3.023465
3.059173
3.077866
3.102860
3.124991
3.129630
3.137427
3.141825
3.179662
3.196656
3.215938
3.227114
3.237071
3.244198
3.258581
3.266881
3.259328
3.248969
3.245753
3.241726
3.226669
3.214063
3.219469
3.255029
3.298707
3.349223
3.398527
3.437697
3.434326
3.406527
3.368056
3.301345
3.245856
3.207493
3.162153
3.139911
3.127215
3.067308
3.053344
3.006619
2.958611
2.925130
2.887213
2.842739
2.802471
2.766139
2.722813
2.721595
2.718488
2.672454
2.685563
2.675945
2.639062
2.650502
2.630866
2.604689
2.617496
2.606316
2.578257
2.585565
2.579002
2.538660
2.556903
2.572467
2.588672
2.625047
2.674436
2.691478
2.689189
2.713699
2.699758
2.708684
2.744470
2.756857
2.752102
2.784054
2.801931
2.814982
2.848328
2.878898
2.892296
2.879076
2.905601
2.897955
2.912580
2.944949
2.971140
2.978132
2.991586
3.005103
3.021912
3.045120
3.076779
3.102056
3.087952
3.092467
3.110953
3.125920
3.139796
3.157474
3.162410
3.173732
3.199291
3.226813
3.306317
3.418549
3.505273
3.591557
3.667569
3.704126
3.737423
3.785721
3.760404
3.776484
3.804123
3.778645
3.803222
3.798987
3.802830
3.799307
3.810446
3.798812
3.835922
3.814604
3.819204
3.838434
3.839934
3.863612
3.873529
3.868384
3.895451
3.904583
3.891493
3.901915
3.918671
3.910437
3.926223
3.955234
3.954087
3.967374
3.994870
3.988136
3.980387
4.027772
4.051986
4.079005
4.117542
4.143983
4.150175
4.146533
4.156949
4.136127
4.120616
4.075710
4.034300
3.991224
3.997110
3.975375
3.939540
3.948881
3.901054
3.864008
3.819022
3.805041
3.759885
3.741007
3.703363
3.679617
3.666981
3.648664
3.653669
3.634643
3.616616
3.598472
3.586459
3.557787
3.538921
3.533040
3.501461
3.488094
3.478805
3.466002
3.434552
3.422468
3.441082
3.463856
3.504140
3.536422
3.556289
3.578976
3.537762
3.482289
3.457913
3.420997
3.386691
3.353969
3.311660
3.266678
3.267622
3.258783
3.215236
3.226162
3.174020
3.174454
3.142800
3.134214
3.117630
3.105521
3.074056
3.094221
3.085253
3.058395
3.058641
3.025630
3.016149
3.013817
2.974854
2.972073
2.980007
2.949702
2.934374
2.937356
2.906088
2.873913
2.875864
2.861362
2.845562
2.847678
2.862687
2.828726
2.803409
2.787644
2.750569
2.727074
2.722276
2.698461
2.656984
2.658819
2.636318
2.640453
2.647220
2.652067
2.611815
2.589940
2.579266
2.536718
2.543310
2.540333
2.544326
2.531524
2.533748
2.531462
2.538990
2.540804
2.536984
2.535743
2.502413
2.497130
2.498174
2.483792
2.475271
2.475735
2.463143
2.451702
2.459512
2.486511
2.553486
2.619721
2.697578
2.760750
2.778247
2.781849
2.800945
2.845741
2.858223
2.845052
2.916726
2.919211
2.945696
2.967095
2.999174
3.023517
3.040903
3.023433
3.061961
3.040518
3.069669
3.067933
3.070703
3.095872
3.084224
3.067638
3.090568
3.078914
3.062333
3.074900
3.060761
3.031238
3.055282
3.052945
3.043131
3.056195
3.064254
3.044242
3.042307
3.088105
3.084706
3.117863
3.154971
3.159577
3.157173
3.196385
3.202919
3.212865
3.211777
3.207994
3.195480
3.181267
3.210786
3.205614
3.207695
3.225464
3.208192
3.180349
3.180602
3.192603
3.178884
3.184097
3.169991
3.155919
3.151245
3.165984
3.180731
3.185856
3.186270
3.182094
3.173631
3.168071
3.162344
3.158065
3.145969
3.141282
3.137770
3.127329
3.112072
3.105822
3.134145
3.172026
3.218625
3.270919
3.311725
3.325909
3.294383
3.264084
3.235534
3.219576
3.200683
3.200255
3.165035
3.113189
3.098327
3.098338
3.019748
3.001270
2.945301
2.908911
2.846197
2.811764
2.791515
2.778237
2.741299
2.730563
2.701397
2.697618
2.691772
2.658442
2.669209
2.673095
2.629269
2.642852
2.641404
2.614227
2.619854
2.630295
2.588017
2.590253
2.610521
2.619873
2.654261
2.690394
2.723673
2.716026
2.737797
2.749150
2.767578
2.785619
2.825177
2.817473
2.819606
2.851090
2.852264
2.879358
2.908045
2.939584
2.921046
2.942105
2.943439
2.941345
2.970864
2.997738
3.008535
3.014565
3.030985
3.040541
3.071733
3.094023
3.118963
3.116782
3.108554
3.121249
3.132270
3.141296
3.166229
3.176224
3.183025
3.199716
3.223186
3.270897
3.364930
3.462597
3.568704
3.675030
3.714742
3.767084
3.790986
3.764016
3.808335
3.795804
3.816692
3.838788
3.832114
3.825257
3.835386
3.853101
3.864152
3.883950
3.865459
3.847686
3.878189
3.852623
3.855909
3.877019
3.869633
3.878923
3.892436
3.876350
3.873455
3.895031
3.875569
3.870399
3.904600
3.887487
3.890645
3.914180
3.909799
3.893366
3.925283
3.954270
3.965261
4.012254
4.039901
4.043721
4.030061
4.051111
4.011886
4.010215
3.970752
3.932052
3.898991
3.876395
3.851979
3.822197
3.811192
3.774543
3.748333
3.690202
3.680775
3.637841
3.616111
3.575980
3.547869
3.527330
3.504573
3.509783
3.497766
3.476504
3.457107
3.432805
3.407789
3.386070
3.367727
3.347131
3.321883
3.312513
3.296982
3.267593
3.249423
3.236814
3.247646
3.275395
3.308432
3.341983
3.372381
3.362911
3.323371
3.276212
3.219513
3.167982
3.131830
3.088954
3.066888
3.079198
3.022601
3.020529
2.988521
2.961591
2.944788
2.919399
2.895084
2.857494
2.831864
2.796230
2.812194
2.813598
2.780428
2.794827
2.781867
2.752524
2.760119
2.731577
2.701365
2.719800
2.704059
2.676061
2.682979
2.671853
2.629815
2.639975
2.634223
2.613823
2.616904
2.624016
2.599322
2.564958
2.558884
2.513448
2.492888
2.490759
2.477596
2.441067
2.434412
2.410325
2.411024
2.418112
2.419588
2.395805
2.364648
2.367232
2.325095
2.325996
2.326555
2.331695
2.325674
2.325991
2.329253
2.341056
2.348890
2.343965
2.349935
2.322351
2.308652
2.316178
2.308951
2.301471
2.308451
2.300308
2.288687
2.292629
2.299978
2.373708
2.477129
2.565992
2.664161
2.740434
2.782891
2.827652
2.894228
2.871179
2.883333
2.935313
2.925142
2.966146
2.964890
2.979818
2.984201
2.993544
2.983249
3.013103
2.996966
2.995258
3.021560
3.013886
3.035516
3.048494
3.038936
3.066421
3.070993
3.054614
3.057413
3.069602
3.045520
3.058343
3.079952
3.066147
3.075183
3.098425
3.087670
3.067931
3.104097
3.121364
3.143883
3.190914
3.216447
3.220311
3.243273
3.278236
3.285370
3.296961
3.300172
3.293741
3.276741
3.301941
3.310125
3.300261
3.324275
3.309475
3.288840
3.279164
3.299939
3.282193
3.291646
3.284895
3.271216
3.264732
3.265169
3.284930
3.278067
3.285733
3.282618
3.278934
3.269787
3.262040
3.256360
3.245553
3.235931
3.230717
3.221073
3.205935
3.199960
3.229575
3.269846
3.325588
3.381376
3.427078
3.471125
3.441828
3.389220
3.365617
3.321522
3.295195
3.272953
3.225462
3.162217
3.169348
3.155182
3.101242
3.100579
3.042111
3.030271
2.987809
2.980042
2.957710
2.947378
2.905433
2.914405
2.903071
2.874777
2.878484
2.854138
2.848449
2.858234
2.827021
2.821837
2.832247
2.808573
2.795822
2.807540
2.780694
2.759647
2.773799
2.790077
2.806572
2.854678
2.913150
2.927591
2.939046
2.965983
2.956416
2.972181
3.007126
3.010633
3.016473
3.052806
3.062496
3.077633
3.109378
3.139465
3.133286
3.136391
3.154511
3.144617
3.172914
3.204250
3.222880
3.228524
3.252576
3.270301
3.295701
3.322712
3.343203
3.366196
3.356667
3.380254
3.399253
3.410516
3.426275
3.441477
3.454250
3.470264
3.495247
3.529423
3.611795
3.690768
3.757320
3.829151
3.860125
3.869613
3.879384
3.909268
3.925473
3.909295
3.958623
3.955030
3.976800
3.976817
4.002892
4.005587
4.008066
3.988649
4.016910
3.999192
4.018283
4.015993
4.016922
4.048871
4.043916
4.025520
4.051358
4.040702
4.028774
4.055884
4.053462
4.031114
4.062885
4.070848
4.060282
4.072576
4.090015
4.087667
4.092403
4.136891
4.145492
4.185514
4.228901
4.246353
4.254051
4.265010
4.265153
4.255825
4.224128
4.180144
4.141000
4.088007
4.096608
4.065259
4.045231
4.036457
3.989737
3.942127
3.915987
3.902042
3.873162
3.857115
3.826052
3.806665
3.792198
3.790894
3.791106
3.771285
3.754547
3.732562
3.713115
3.687539
3.674431
3.663240
3.640283
3.622983
3.607499
3.583765
3.555910
3.546410
3.567648
3.599151
3.629018
3.678022
3.716141
3.740485
3.715648
3.681759
3.673110
3.664284
3.636331
3.634883
3.617723
3.583066
3.556517
3.554332
3.485456
3.479401
3.423454
3.396515
3.339169
3.315002
3.303503
3.302557
3.275534
3.265666
3.244806
3.234694
3.221053
3.186319
3.192182
3.191576
3.144144
3.158568
3.156903
3.118538
3.117919
3.124903
3.076896
3.067796
3.069080
3.055901
3.039162
3.030678
3.026199
2.985347
2.969381
2.935191
2.903010
2.880661
2.864304
2.833082
2.792127
2.776241
2.752851
2.753639
2.756353
2.762224
2.711176
2.698938
2.667307
2.638782
2.640562
2.638614
2.640116
2.624830
2.622063
2.615711
2.620199
2.615801
2.611581
2.593612
2.562148
2.567346
2.563966
2.549373
2.547668
2.537929
2.520632
2.507920
2.515677
2.555765
2.643048
2.732153
2.836461
2.935238
2.968457
3.014277
3.045352
3.015090
3.048597
3.038812
3.058865
3.097224
3.102760
3.097684
3.124924
3.142186
3.149992
3.168575
3.161826
3.149678
3.185048
3.157887
3.162657
3.188930
3.170967
3.175549
3.188575
3.166326
3.157143
3.178546
3.154071
3.145629
3.182014
3.157689
3.151517
3.173657
3.166959
3.144239
3.173221
3.215228
3.229405
3.277672
3.322107
3.321213
3.323117
3.364784
3.361815
3.385119
3.396012
3.398580
3.394711
3.402754
3.418394
3.408647
3.431898
3.426793
3.413432
3.389653
3.416136
3.413801
3.425720
3.425176
3.414452
3.406701
3.401405
3.423112
3.421769
3.429840
3.422056
3.416450
3.408989
3.404008
3.398330
3.388336
3.377992
3.375332
3.368080
3.351397
3.340247
3.343807
3.384108
3.432782
3.489039
3.542814
3.589386
3.591084
3.557761
3.523404
3.462143
3.409840
3.383764
3.330000
3.297970
3.292560
3.241045
3.227125
3.202462
3.156257
3.128693
3.099187
3.060031
3.024373
2.992592
2.948479
2.953532
2.951760
2.909708
2.925128
2.918271
2.887185
2.904535
2.884693
2.863959
2.880670
2.871388
2.843920
2.850145
2.843196
2.803508
2.821383
2.849998
2.862019
2.901190
2.946619
2.947999
2.937333
2.952518
2.932035
2.932759
2.961132
2.981542
2.969766
2.996575
3.018836
3.024603
3.045997
3.069010
3.077407
3.067404
3.091833
3.075480
3.086470
3.121762
3.142359
3.145968
3.161456
3.170429
3.182913
3.209684
3.233876
3.262909
3.253822
3.266744
3.282531
3.294315
3.307581
3.325817
3.334096
3.347512
3.369921
3.391679
3.465679
3.586565
3.679068
3.779769
3.869767
3.902290
3.933679
3.967120
3.938440
3.957328
3.969634
3.942906
3.952278
3.935757
3.928719
3.905083
3.910988
3.901684
3.934955
3.904251
3.896078
3.900042
3.892578
3.907523
3.919559
3.909384
3.928594
3.938351
3.921879
3.922195
3.934954
3.917145
3.927510
3.947496
3.937824
3.942602
3.964885
3.948626
3.933802
3.970017
3.994121
4.023789
4.067016
4.097197
4.105680
4.086537
4.094177
4.065984
4.052959
4.014677
3.974494
3.933135
3.939970
3.917452
3.884181
3.887628
3.840707
3.802574
3.745274
3.729930
3.689153
3.670919
3.636351
3.606171
3.593704
3.575516
3.580254
3.558457
3.537530
3.509934
3.483743
3.458941
3.439924
3.428476
3.402717
3.377914
3.362598
3.339765
3.306348
3.288931
3.275297
3.296192
3.333893
3.367677
3.408551
3.440488
3.397676
3.336221
3.300102
3.249147
3.208078
3.168648
3.126653
3.087738
3.094351
3.058445
3.028892
3.039694
3.006239
3.000021
2.973083
2.968347
2.951452
2.935342
2.899308
2.926715
2.922991
2.894760
2.896068
2.871390
2.853403
2.863076
2.823924
2.809500
2.823652
2.799976
2.782975
2.793169
2.767988
2.736175
2.742501
2.732764
2.712384
2.721075
2.731364
2.705066
2.677356
2.658838
2.615964
2.589372
2.578972
2.564865
2.528491
2.527953
2.504640
2.513974
2.521415
2.525723
2.490414
2.465970
2.457270
2.415966
2.424691
2.425607
2.432678
2.424254
2.429382
2.430550
2.438506
2.442359
2.435363
2.438892
2.406404
2.401080
2.406349
2.396994
2.395200
2.393543
2.382390
2.370944
2.377034
2.418114
2.492921
2.561091
2.644144
2.723567
2.776060
2.781835
2.800297
2.837964
2.834494
2.817088
2.898569
2.903971
2.939179
2.959042
2.983143
3.010008
3.023393
3.007084
3.044178
3.038552
3.061287
3.051589
3.046619
3.081021
3.069971
3.059358
3.085945
3.074311
3.059275
3.069851
3.059765
3.034038
3.060772
3.053413
3.048139
3.051779
3.065625
3.058008
3.053999
3.103461
3.108014
3.137672
3.174269
3.183821
3.184646
3.224021
3.238131
3.248215
3.255275
3.254435
3.243912
3.227358
3.257869
3.251320
3.256158
3.272484
3.254668
3.231390
3.232275
3.243479
3.235330
3.244781
3.230537
3.217408
3.212908
3.229839
3.244771
3.248116
3.247967
3.243844
3.233884
3.227322
3.221350
3.215772
3.204392
3.197724
3.193783
3.181702
3.167452
3.161538
3.193151
3.237512
3.290954
3.352584
3.399784
3.410846
3.376985
3.351479
3.321613
3.301513
3.284879
3.295521
3.272537
3.231794
3.215073
3.212474
3.131631
3.108261
3.053238
3.020885
2.965184
2.934660
2.919856
2.910662
2.871649
2.861714
2.835041
2.831159
2.821541
2.790452
2.800686
2.807479
2.764727
2.782293
2.786262
2.759893
2.765826
2.779151
2.739999
2.746186
2.766883
2.785864
2.820108
2.864668
2.905281
2.899357
2.924148
2.932739
2.949511
2.973984
3.011516
3.008650
3.020190
3.056352
3.069619
3.097198
3.129753
3.163332
3.147279
3.171998
3.170147
3.166612
3.200232
3.232941
3.247486
3.250734
3.264283
3.275684
3.302972
3.326434
3.351304
3.348610
3.342865
3.356144
3.372336
3.380028
3.406010
3.416380
3.424704
3.443148
3.467672
3.521160
3.615844
3.720844
3.825862
3.932347
3.972363
4.017390
4.033542
4.001123
4.048162
4.034765
4.059253
4.077627
4.074007
4.065804
4.073021
4.084766
4.091506
4.107533
4.093490
4.085067
4.115577
4.094832
4.097183
4.118641
4.107440
4.117090
4.128456
4.110137
4.107858
4.134735
4.122880
4.123977
4.164190
4.147813
4.152483
4.179649
4.182312
4.166457
4.197036
4.227476
4.240690
4.292583
4.332124
4.335456
4.322254
4.335039
4.301820
4.294374
4.252832
4.215097
4.177463
4.158927
4.136607
4.096008
4.084509
4.046048
4.016503
3.956088
3.938371
3.896878
3.876068
3.842868
3.814175
3.795546
3.778506
3.786655
3.775625
3.755467
3.737365
3.722139
3.702380
3.682636
3.671518
3.656368
3.634640
3.626095
3.610004
3.584971
3.565247
3.560918
3.583390
3.623024
3.662169
3.700337
3.741675
3.728798
3.697263
3.656630
3.607410
3.564419
3.527764
3.475314
3.459237
3.459912
3.398673
3.393964
3.368195
3.338627
3.321300
3.293262
3.266386
3.228708
3.195294
3.160012
3.172096
3.164510
3.130836
3.144438
3.133127
3.096733
3.107708
3.079217
3.053705
3.069719
3.054270
3.022347
3.022636
3.009511
2.962273
2.971830
2.963729
2.937373
2.936926
2.938203
2.912578
2.870244
2.857494
2.808778
2.779393
2.774508
2.764355
2.728440
2.714347
2.689925
2.684495
2.685719
2.685696
2.668275
2.629949
2.633173
2.592403
2.587360
2.584102
2.584734
2.577315
2.577536
2.572472
2.573988
2.580302
2.571662
2.575678
2.543144
2.541498
2.555643
2.563220
2.570603
2.592063
2.603116
2.611804
2.631351
2.651868
2.667337
2.690024
2.718881
2.744836
2.763204
2.740274
2.701091
2.665655
2.627502
2.577115
2.555910
2.506434
2.457756
2.417507
2.364122
2.336666
2.307749
2.258768
2.240341
2.209800
2.181331
2.140465
2.119663
2.102604
2.091502
2.084489
2.063668
2.055363
2.037449
2.000491
1.998497
1.975613
1.946858
1.931404
