0.546875
0.546875
0.59375
0.59375
0.609375
0.609375
0.609375
0.609375
0.609375
0.609375
0.640625
0.640625
0.640625
0.640625
0.640625
0.640625
0.640625
0.640625
0.65625
0.671875
0.671875
0.71875
0.71875
0.734375
0.734375
0.734375
0.734375
0.75
0.765625
0.765625
0.765625
0.78125
0.78125
0.796875
0.8125
0.8125
0.8125
0.8125
0.8125
0.8125
0.828125
0.84375
0.859375
0.859375
0.875
0.875
0.890625
0.890625
0.890625
0.890625
0.890625
0.890625
0.90625
0.90625
0.90625
0.90625
0.90625
0.90625
0.90625
0.90625
0.921875
0.921875
0.953125
0.953125
0.953125
0.953125
0.96875
0.96875
0.96875
0.96875
0.96875
0.96875
0.96875
0.984375
0.984375
0.984375
0.984375
0.984375
0.984375
0.984375
0.984375
0.984375
1
1
1
1
1
1
1
1
1
1
1
1
1
1
1
1
1
1
