0.484375
0.535937
0.551563
0.565625
0.5875
0.603125
0.60625
0.60625
0.609375
0.604687
0.6125
0.63125
0.632812
0.640625
0.639063
0.639063
0.639063
0.639063
0.639063
0.648438
0.6625
0.676563
0.6875
0.71875
0.726562
0.734375
0.73125
0.732813
0.739062
0.75
0.765625
0.767187
0.773438
0.78125
0.782812
0.798437
0.8125
0.809375
0.810938
0.810938
0.8125
0.81875
0.835938
0.85
0.857813
0.857812
0.873438
0.882812
0.8875
0.8875
0.8875
0.885938
0.8875
0.889062
0.903125
0.904688
0.904688
0.903125
0.903125
0.904688
0.904688
0.910937
0.921875
0.9375
0.948437
0.948438
0.95
0.95625
0.967188
0.964063
0.964063
0.965625
0.96875
0.965625
0.979687
0.98125
0.984375
0.979688
0.979688
0.979687
0.979687
0.979687
0.984375
0.9875
0.990625
0.996875
1
0.998438
0.99375
0.995312
0.996875
0.995313
0.99375
0.99375
0.995313
0.998438
0.992188
1
0.99375
0.99375
