0.477656
0.572656
0.638594
0.687344
0.721406
0.75375
0.77625
0.794375
0.814687
0.8275
0.844375
0.859688
0.877031
0.888125
0.896406
0.907969
0.920781
0.92875
0.939375
0.952656
0.968125
0.967812
0.967656
0.969375
0.975156
0.983437
0.984062
0.983437
0.982969
0.982813
0.98375
0.98625
0.994844
0.999062
0.999062
0.99875
0.998906
0.999687
0.998438
0.999062
0.998594
0.999531
0.999219
0.999531
0.999219
0.999375
0.998906
0.999375
0.999844
0.999219
0.999062
0.999219
0.998438
0.998906
0.99875
0.999375
0.999375
0.998906
0.999375
0.999062
0.999062
0.998906
0.999219
0.999219
0.999062
0.999219
0.999062
0.999219
0.998594
0.999062
0.999375
0.999062
0.998438
0.999375
0.999219
0.999531
0.998594
0.999375
0.999531
0.999375
0.999687
0.998125
0.998906
0.998906
0.999531
0.99875
0.999062
0.998906
0.998906
0.99875
0.99875
0.998125
0.999062
0.999375
0.999062
0.999375
0.999531
0.999062
0.999375
0.99875
