0.632812
0.7125
0.73125
0.729687
0.740625
0.748438
0.746875
0.76875
0.779688
0.776563
0.779688
0.789062
0.789062
0.79375
0.790625
0.7875
0.796875
0.801562
0.810937
0.81875
0.826563
0.825
0.8375
0.845312
0.859375
0.85625
0.86875
0.871875
0.871875
0.871875
0.871875
0.875
0.86875
0.875
0.875
0.86875
0.875
0.875
0.871875
0.870313
0.871875
0.873438
0.873438
0.871875
0.871875
0.871875
0.873438
0.870312
0.870312
0.867188
0.873438
0.875
0.871875
0.875
0.86875
0.873438
0.873438
0.875
0.864062
0.86875
0.867188
0.873438
0.86875
0.873438
0.871875
0.870312
0.870313
0.870313
0.867188
0.873438
0.873438
0.873438
0.867188
0.871875
0.871875
0.873438
0.86875
0.871875
0.870312
0.86875
0.860937
0.864063
0.873438
0.875
0.86875
0.871875
0.875
0.875
0.870313
0.873438
0.867188
0.878125
0.8875
0.890625
0.8875
0.8875
0.884375
0.885937
0.885938
0.884375
