0.0445312
0.375156
0.525625
0.577656
0.65375
0.694844
0.736719
0.776875
0.799688
0.82125
0.848281
0.875625
0.895938
0.912656
0.922813
0.927969
0.934375
0.940156
0.951563
0.948125
0.952656
0.949219
0.946875
0.947969
0.951406
0.95
0.951875
0.948281
0.950781
0.947656
0.94875
0.950156
0.951719
0.951094
0.949844
0.950469
0.949063
0.951719
0.94875
0.949687
0.946563
0.950156
0.952344
0.949687
0.948125
0.950938
0.9525
0.947344
0.952969
0.951563
0.951875
0.947656
0.943125
0.950938
0.949844
0.950469
0.9475
0.948125
0.951875
0.95125
0.95125
0.948906
0.950312
0.952031
0.952344
0.952344
0.948125
0.950312
0.949531
0.950781
0.947969
0.952031
0.946406
0.951406
0.952031
0.951875
0.944531
0.9525
0.951719
0.9475
0.951406
0.949219
0.951094
0.947656
0.951875
0.950156
0.951875
0.951406
0.951406
0.95125
0.949219
0.947031
0.952812
0.952656
0.944687
0.951094
0.952187
0.952187
0.951563
0.9525
