0.53125
0.625
0.640625
0.671875
0.734375
0.765625
0.8125
0.8125
0.84375
0.875
0.890625
0.921875
0.921875
0.9375
0.9375
0.953125
0.953125
0.953125
0.953125
0.953125
0.953125
0.953125
0.953125
0.953125
0.953125
0.953125
0.953125
0.953125
0.953125
0.953125
0.953125
0.953125
0.953125
0.953125
0.953125
0.953125
0.953125
0.953125
0.953125
0.953125
0.953125
0.953125
0.953125
0.953125
0.953125
0.953125
0.953125
0.953125
0.953125
0.953125
0.953125
0.953125
0.953125
0.953125
0.953125
0.953125
0.953125
0.953125
0.953125
0.953125
0.953125
0.953125
0.953125
0.953125
0.953125
0.953125
0.953125
0.953125
0.953125
0.953125
0.953125
0.953125
0.953125
0.953125
0.953125
0.953125
0.953125
0.953125
0.953125
0.953125
0.953125
0.953125
0.953125
0.953125
0.953125
0.953125
0.953125
0.953125
0.953125
0.953125
0.953125
0.953125
0.953125
0.953125
0.953125
0.953125
0.953125
0.953125
0.953125
0.953125
